AMELX 5.004e-07 0.4201516787 0.0533424472 -1.98622369 -0.30103182 -0.79608818 0.001047666318230243 0.45872722971926516 0.15997802081487134 0.12514298388173417
DDX3X 0.0575235606 0.4748069085 0.1460825266 -1.12801808 -0.30103573 -0.47826527 0.060571573103347036 0.47945365009795604 0.24641882644063226 0.23118799431884116
EIF1AX 5.025e-07 0.424329175 0.0580831978 -1.68282721 -0.30110672 -0.70402521 0.010824266113211982 0.46105354126715786 0.17266857668740138 0.14000554234434187
KDM5C 0.1242079379 0.4966237847 0.2736114027 -0.89364343 -0.30104712 -0.35635344 0.10726727000101338 0.4882122164610378 0.30573311046087853 0.3061416299823331
KDM6A 0.0314136246 0.2632226816 0.0890652026 -1.34292332 -0.52774728 -0.98049048 0.04633028444314248 0.29835238360090605 0.12742107506509814 0.1117298785013456
NLGN4X 0.0381611784 0.4648094798 0.117601445 -1.22616233 -0.30103337 -0.61166721 0.04750824855968125 0.47649989883251814 0.22776186403622692 0.20897341977530276
PRKX 5.014e-07 0.2632380794 0.0325308089 -2.74041134 -0.30180929 -1.22865804 7.250655633800893e-05 0.32757903619282025 0.08315498965697592 0.05649342009494257
RBMX 0.0302506959 0.4573071325 0.1117601126 -1.27016049 -0.30106198 -0.54656229 0.042677608245077145 0.4741677411580917 0.21821015931774085 0.19640511446392675
RPS4X 0.0025842054 0.4342261144 0.0652593774 -1.53846737 -0.30104299 -0.6679827 0.019563616390030684 0.46584929222209454 0.1832467167619037 0.15331029769843818
SOX3 5.016e-07 0.3858883062 0.0063347291 -5.02771548 -0.30104064 -0.90399916 2.5432014476331414e-06 0.430095131169775 0.10740348454816175 0.062458284197031776
TBL1X 0.0655096047 0.4792592394 0.1645923936 -1.09674204 -0.30103053 -0.48565217 0.06502611253897402 0.48086893294134875 0.254516056478283 0.24161726645215226
TMSB4X 5.006e-07 0.3002678637 0.0016668012 -5.88450306 -0.41020332 -1.07623979 9.246360695530453e-07 0.3447411577500532 0.041002765251057144 0.0012681681449356044
TSPYL2 0.0237505726 0.4537496903 0.092750431 -1.32490442 -0.30110274 -0.60332112 0.037721164441968644 0.4717169508314356 0.20995332509111886 0.18527856056923264
TXLNG 0.0414941064 0.466218632 0.1308309925 -1.20803048 -0.30103842 -0.53917457 0.05011385004985641 0.47667902699045883 0.23106290084113462 0.21148302230610339
USP9X 0.1731401634 0.4999911797 0.4094171314 -0.76131846 -0.30103766 -0.33772348 0.1502998651149647 0.4924824000022693 0.3441396840381377 0.3516460061099804
ZFX 0.0360099155 0.4622295799 0.1195202995 -1.23681324 -0.30104365 -0.50292498 0.04645327935031345 0.47554833805675606 0.22586748811578283 0.20599536414933045
